# This file is part of the NetBuilder example
# src  dest   delay    error datarate
0    1     0.01       0     21428
0    2     0.01       0     21428
0    3     0.01       0     21428
0    4     0.01       0     21428
0    5     0.01       0     21428
0    6     0.01       0     21428
0    7     0.01       0     21428
1    2     0.01       0     21428
1    3     0.01       0     21428
1    4     0.01       0     21428
1    5     0.01       0     21428
1    6     0.01       0     21428
1    7     0.01       0     21428
2    3     0.01       0     21428
2    4     0.01       0     21428
2    5     0.01       0     21428
2    6     0.01       0     21428
2    7     0.01       0     21428
3    4     0.01       0     21428
3    5     0.01       0     21428
3    6     0.01       0     21428
3    7     0.01       0     21428
4    5     0.01       0     21428
4    6     0.01       0     21428
4    7     0.01       0     21428
5    6     0.01       0     21428
5    7     0.01       0     21428
6    7     0.01       0     21428