# This file is part of the NetBuilder example
# src  dest   delay    error datarate
0    1     0.01       0     40000
0    2     0.01       0     40000
0    3     0.01       0     40000
0    4     0.01       0     40000
0    5     0.01       0     40000
1    2     0.01       0     40000
1    3     0.01       0     40000
1    4     0.01       0     40000
1    5     0.01       0     40000
2    3     0.01       0     40000
2    4     0.01       0     40000
2    5     0.01       0     40000
3    4     0.01       0     40000
3    5     0.01       0     40000
4    5     0.01       0     40000