# This file is part of the NetBuilder example
# src  dest   delay    error datarate
0    1     0.01       0     16667
0    2     0.01       0     16667
0    3     0.01       0     16667
0    4     0.01       0     16667
0    5     0.01       0     16667
0    6     0.01       0     16667
0    7     0.01       0     16667
0    8     0.01       0     16667
1    2     0.01       0     16667
1    3     0.01       0     16667
1    4     0.01       0     16667
1    5     0.01       0     16667
1    6     0.01       0     16667
1    7     0.01       0     16667
1    8     0.01       0     16667
2    3     0.01       0     16667
2    4     0.01       0     16667
2    5     0.01       0     16667
2    6     0.01       0     16667
2    7     0.01       0     16667
2    8     0.01       0     16667
3    4     0.01       0     16667
3    5     0.01       0     16667
3    6     0.01       0     16667
3    7     0.01       0     16667
3    8     0.01       0     16667
4    5     0.01       0     16667
4    6     0.01       0     16667
4    7     0.01       0     16667
4    8     0.01       0     16667
5    6     0.01       0     16667
5    7     0.01       0     16667
5    8     0.01       0     16667
6    7     0.01       0     16667
6    8     0.01       0     16667
7    8     0.01       0     16667