# This file is part of the NetBuilder example
# src  dest   delay    error datarate
0    1     0.01       0     13333
0    2     0.01       0     13333
0    3     0.01       0     13333
0    4     0.01       0     13333
0    5     0.01       0     13333
0    6     0.01       0     13333
0    7     0.01       0     13333
0    8     0.01       0     13333
0    9     0.01       0     13333
1    2     0.01       0     13333
1    3     0.01       0     13333
1    4     0.01       0     13333
1    5     0.01       0     13333
1    6     0.01       0     13333
1    7     0.01       0     13333
1    8     0.01       0     13333
1    9     0.01       0     13333
2    3     0.01       0     13333
2    4     0.01       0     13333
2    5     0.01       0     13333
2    6     0.01       0     13333
2    7     0.01       0     13333
2    8     0.01       0     13333
2    9     0.01       0     13333
3    4     0.01       0     13333
3    5     0.01       0     13333
3    6     0.01       0     13333
3    7     0.01       0     13333
3    8     0.01       0     13333
3    9     0.01       0     13333
4    5     0.01       0     13333
4    6     0.01       0     13333
4    7     0.01       0     13333
4    8     0.01       0     13333
4    9     0.01       0     13333
5    6     0.01       0     13333
5    7     0.01       0     13333
5    8     0.01       0     13333
5    9     0.01       0     13333
6    7     0.01       0     13333
6    8     0.01       0     13333
6    9     0.01       0     13333
7    8     0.01       0     13333
7    9     0.01       0     13333
8    9     0.01       0     13333