# This file is part of the NetBuilder example
# src  dest   delay    error datarate
0    1     0.01       0     28571
0    2     0.01       0     28571
0    3     0.01       0     28571
0    4     0.01       0     28571
0    5     0.01       0     28571
0    6     0.01       0     28571
1    2     0.01       0     28571
1    3     0.01       0     28571
1    4     0.01       0     28571
1    5     0.01       0     28571
1    6     0.01       0     28571
2    3     0.01       0     28571
2    4     0.01       0     28571
2    5     0.01       0     28571
2    6     0.01       0     28571
3    4     0.01       0     28571
3    5     0.01       0     28571
3    6     0.01       0     28571
4    5     0.01       0     28571
4    6     0.01       0     28571
5    6     0.01       0     28571