version 3
run oldnet-0-20230901-10:35:16-13481
attr configname oldnet
attr datetime 20230901-10:35:16
attr datetimef 20230901-103516
attr experiment oldnet
attr inifile omnetpp-10.ini
attr iterationvars ""
attr iterationvarsd ""
attr iterationvarsf ""
attr measurement ""
attr network networks.Net
attr processid 13481
attr repetition 0
attr replication #0
attr resultdir results
attr runnumber 0
attr seedset 0
config cmdenv-redirect-output true
config **.leader 0
config **.appType "\"AppOld\""
config network networks.Net
config **.address "int(replace(fullName(), \"rte\", \"\"))"
config **.app.sendIaTime "exponential(47.61 ms)"
config **.app.packageLength "100 bytes"
config **.app.voteLength "5 bytes"
config **.app.batchSize 10
config **.nodesFile "\"networks/nodes-10.txt\""
config **.connectionsFile "\"networks/connections-10.txt\""
config **.app.quorum 7
config **.app.N 10
config **.destAddresses "\"0 1 2 3 4 5 6 7 8 9\""
config **.router "\"\""
config sim-time-limit 1000s
config repeat 1

vector 0 Net.rte0.app TxQueueLen:vector ETV
attr interpolationmode none
attr recordingmode vector
attr title TxQueueLen
vector 1 Net.rte0.app endToEndDelay:vector ETV
attr interpolationmode none
attr recordingmode vector
attr title "end-to-end delay of arrived requests"
attr unit s
0	24291	9.332822967993	1360
0	25123	9.636718127343	1400
0	25540	9.79712014123	1420
0	25752	9.874498836962	1440
0	26217	10.106074140044	1470
0	27087	10.412548147849	1500
0	28181	10.839940761086	1570
0	29006	11.125512400468	1610
0	31319	11.936097159899	1730
0	58938	21.981139176005	3240
0	61668	22.93439484817	3380
0	61708	22.948243468756	3380
0	62072	23.065053835849	3400
0	62216	23.120865855899	3400
0	64049	23.77382860848	3490
0	64091	23.782846545772	3490
0	66700	24.725493350686	3630
0	67577	25.064425368215	3690
0	94219	34.739689980648	5130
0	94542	34.866461309167	5150
0	95041	35.050353468441	5180
0	97380	35.886184988985	5300
0	97829	36.059135741262	5330
0	98583	36.35078398305	5360
0	98724	36.37357910226	5370
0	101300	37.289731000959	5500
0	101649	37.38818667939	5510
0	121059	44.678938461944	6610
0	123619	45.585427470129	6740
0	124369	45.829622950269	6780
0	125222	46.125742791299	6820
0	126352	46.5383977229	6880
0	126419	46.552833583708	6880
0	128022	47.130053464878	6960
0	128994	47.5074396608	7020
0	131100	48.309006482939	7140
0	155811	57.44425759503	8500
0	156331	57.630728602759	8530
0	157163	57.931037923777	8580
0	157193	57.93811821592	8580
0	157838	58.172706292556	8610
0	158490	58.403694355416	8630
0	159965	58.935348597356	8710
0	161192	59.434963083887	8790
0	163111	60.174303115455	8900
0	183317	67.517357696988	10000
0	183620	67.629978584093	10020
0	184121	67.803516576592	10040
0	187793	69.131980274498	10240
0	187879	69.174604578842	10240
0	188522	69.422969837396	10270
0	188762	69.490326906099	10280
0	190223	70.034228065601	10360
0	190957	70.293556096865	10400
0	211646	78.112240640733	11570
0	211750	78.165775633156	11580
0	212874	78.599634754008	11650
0	218528	80.696494622355	11960
0	219598	81.045260394758	12010
0	220624	81.414287332278	12050
0	220727	81.435834653923	12060
0	220795	81.456911636622	12060
0	221131	81.592629463765	12080
0	239805	88.531501122333	13120
0	239830	88.538883235304	13120
0	240658	88.825042114908	13160
0	244788	90.376134617272	13390
0	245189	90.511852444415	13420
0	247441	91.353535813574	13530
0	248148	91.595767104259	13570
0	248367	91.675090635409	13580
0	248599	91.764528376548	13590
0	266038	98.290745103515	14570
0	268159	99.07814671698	14690
0	269101	99.424307096622	14740
0	271251	100.151093425521	14850
0	272194	100.512764794376	14900
0	272401	100.594313616059	14900
0	273057	100.863755857312	14940
0	273211	100.915398098948	14950
0	276061	101.955026085821	15100
0	299767	110.582052386301	16390
0	302901	111.775615879446	16570
0	307104	113.289502000982	16800
0	307602	113.455070640288	16820
0	307626	113.46408857758	16820
0	311529	114.865670400099	17020
0	311633	114.886747382798	17030
0	314328	115.802484710435	17160
0	314341	115.806372369595	17160
0	320755	118.109240566069	17510
0	322458	118.702789058834	17600
0	325190	119.676661680028	17740
0	326397	120.082236319486	17800
0	327828	120.553889061388	17870
0	328428	120.811272257234	17900
0	331943	122.092851079677	18090
0	332618	122.309647389557	18130
0	335836	123.513565049477	18310
0	352759	129.851067765896	19250
0	354028	130.337546273815	19330
0	359063	132.32497788804	19620
0	361113	133.099579465018	19740
0	362465	133.622215769666	19810
0	364088	134.17058852841	19890
0	365139	134.597954597341	19950
0	366208	134.981173287841	20010
0	372276	137.301909758211	20360
0	376556	138.881293521616	20590
0	378438	139.547776529649	20690
0	380305	140.275176643076	20800
0	381829	140.792395024208	20880
0	383420	141.340767782952	20960
0	384420	141.709794720472	21010
0	385505	142.151352542383	21070
0	387579	142.968163852643	21190
0	393443	145.252108513247	21530
0	406056	149.907035511211	22230
0	410392	151.469038701654	22460
0	410432	151.47445662517	22470
0	410528	151.511663005998	22470
0	410850	151.640612504698	22490
0	411092	151.730592023451	22490
0	413566	152.660050765122	22630
0	415543	153.387424334243	22740
0	423238	156.091379495113	23140
0	438126	161.409323068497	23940
0	438980	161.711294758142	23990
0	442995	163.232879580737	24210
0	443785	163.509677390655	24250
0	445092	163.973974563892	24320
0	445322	164.05677118314	24320
0	445705	164.16292556263	24340
0	450173	165.782378823434	24580
0	452734	166.693644551829	24720
0	461565	170.025538473955	25220
0	464055	170.92752516398	25350
0	464345	171.045865795429	25370
0	467286	172.170179469084	25540
0	467650	172.329106986499	25560
0	470043	173.21300008894	25680
0	471704	173.799166468734	25770
0	476057	175.418619729538	26010
0	478532	176.329885457933	26150
0	492208	181.531127927071	26930
0	494288	182.310845606737	27040
0	494830	182.492814296306	27070
0	498465	183.834394618787	27270
0	498974	183.998269720772	27290
0	499800	184.275482101752	27330
0	503340	185.544460101174	27520
0	511018	188.435188090601	27950
0	511128	188.483946362814	27950
0	523642	193.099417134399	28640
0	525303	193.759131813989	28740
0	530429	195.702691326305	29030
0	533982	197.006594929012	29230
0	534301	197.121180005572	29240
0	536273	197.832767308958	29340
0	536395	197.883822310372	29350
0	546021	201.31226707094	29860
0	547254	201.803522299069	29930
0	552556	203.758683616151	30230
0	553231	203.998387795475	30260
0	561040	206.841969808361	30690
0	563372	207.712014290216	30820
0	564940	208.265876411144	30900
0	566718	208.903097792352	30990
0	566932	208.980476488084	31000
0	572330	210.951508052046	31290
0	581697	214.442838282075	31810
0	589127	217.190019399659	32220
0	592620	218.449749079629	32410
0	598330	220.573313092059	32730
0	600890	221.503359073952	32870
0	602634	222.17180627144	32970
0	604100	222.70280183449	33040
0	605684	223.23445607643	33120
0	605745	223.25725119564	33120
0	613849	226.286246805421	33570
0	618758	228.085989985733	33840
0	623782	229.939569979296	34120
0	624007	230.034228066951	34130
0	626736	230.95900823972	34270
0	626867	230.989573498657	34280
0	627436	231.208032177164	34300
0	627480	231.21345010068	34300
0	632457	233.050701482648	34570
0	645725	237.851535937747	35290
0	651722	240.210482473397	35640
0	652002	240.311295618477	35660
0	654738	241.384268871324	35820
0	655653	241.744865111774	35870
0	657204	242.298727232702	35960
0	659956	243.274880631439	36090
0	660437	243.433337809908	36120
0	661812	243.955974114556	36190
0	682222	251.462876221369	37320
0	686014	252.795797106369	37520
0	691726	254.83004051564	37820
0	692435	255.056197895206	37850
0	692753	255.17561365506	37870
0	693675	255.542676403125	37930
0	699648	257.846244915669	38260
0	700237	258.047326398482	38290
0	700516	258.150043400605	38310
0	702794	259.084729094822	38440
0	709639	261.569827081943	38820
0	710729	261.983371074594	38880
0	711132	262.117222695256	38900
0	712348	262.582798834752	38970
0	717315	264.473410594867	39250
0	718107	264.734493577718	39280
0	720097	265.387111889345	39380
0	723644	266.671918774628	39570
0	739294	272.374286568771	40420
0	745471	274.587454336017	40750
0	749821	276.267194516253	41000
0	751170	276.754588629528	41080
0	752809	277.400169269138	41170
0	756643	278.840792510272	41390
0	759794	280.070800529747	41560
0	761253	280.551603439795	41630
0	762470	280.991900013016	41700
0	766859	282.771357120373	41960
0	766989	282.80932220985	41970
0	767457	283.018745233496	42000
0	769418	283.724914613366	42110
0	769544	283.784328873182	42110
0	777580	286.754967633981	42560
0	778373	287.07605211687	42600
0	780411	287.81344731302	42710
0	781863	288.331685503879	42790
0	796961	293.875824107391	43610
0	797244	293.982637402475	43630
0	798263	294.342948223531	43680
0	807338	297.816266897292	44200
0	807996	298.055685657222	44240
0	808689	298.310127518182	44280
0	815808	300.966322917983	44660
0	816589	301.244783096528	44700
0	817657	301.6474164011	44770
0	828821	305.968238855895	45410
0	830485	306.567952035447	45500
0	836039	308.627192891735	45810
0	838130	309.380968789396	45920
0	841716	310.71543765104	46120
0	843315	311.301604030834	46210
0	845785	312.171603050081	46330
0	847272	312.732693533122	46410
0	847318	312.750070728816	46410
0	857244	316.387197516667	46960
0	859720	317.287521838065	47090
0	863476	318.660200770274	47300
0	868701	320.612492524327	47590
0	870111	321.13469813264	47670
0	872249	321.930847031263	47790
0	873256	322.320879512814	47830
0	875837	323.229332710454	47970
0	876130	323.331958514836	47990
0	884489	326.569753893945	48470
0	885833	327.049464073421	48540
0	890725	328.842455326724	48810
0	896466	330.911750005851	49120
0	902705	333.176999190268	49460
0	904523	333.874222071514	49560
0	905620	334.273155589081	49610
0	906598	334.611617267664	49660
0	908534	335.383206071088	49780
0	918281	339.037763781015	50320
0	921913	340.298097102641	50510
0	925805	341.67077603485	50720
0	926906	342.114030062947	50780
0	939937	347.085346899078	51520
0	941720	347.761492797625	51630
0	941977	347.842571280362	51630
0	942287	347.919949976094	51640
0	944006	348.511534279404	51730
0	948983	350.360046838187	52000
0	950815	351.080366659471	52110
0	955762	352.933057591984	52390
0	958806	354.102329770541	52560
0	969663	358.204830336926	53180
0	971971	359.062228533152	53310
0	972323	359.187649456744	53310
0	973181	359.533809836386	53370
0	974084	359.863795355291	53410
0	977635	361.262319395093	53620
0	978316	361.502627216073	53660
0	985501	364.13533764908	54050
0	988329	365.124605327523	54200
0	995934	367.96707439311	54630
0	998527	368.936044892342	54770
0	998547	368.944475589412	54760
0	1002910	370.449931013878	54990
0	1007177	372.086100913033	55230
0	1011794	373.790632603029	55490
0	1013610	374.450950924275	55580
0	1019103	376.506889884733	55890
0	1024059	378.34369285808	56170
0	1028142	379.90431909929	56400
0	1028941	380.195380100856	56440
0	1032827	381.652793297462	56650
0	1036307	382.826858508753	56830
0	1039372	383.99826972246	57000
0	1041035	384.687206830759	57100
0	1042156	385.094426121273	57170
0	1044926	386.119887263006	57320
0	1051209	388.571589506162	57680
0	1052112	388.855198592555	57730
0	1053717	389.420557005318	57810
0	1056343	390.389011702996	57950
0	1066272	394.092140140889	58500
0	1066487	394.174524128906	58510
0	1066878	394.310656527111	58530
0	1070734	395.712482462743	58740
0	1077829	398.225189895674	59120
0	1078007	398.311434998545	59130
0	1083194	400.256881638564	59420
0	1084587	400.80584163753	59500
0	1091250	403.334335336196	59870
0	1095744	404.814408197681	60090
0	1097769	405.575938159247	60210
0	1100969	406.734758019725	60380
0	1102286	407.239850762182	60450
0	1110594	410.2591316949	60900
0	1111250	410.507496953454	60940
0	1112100	410.836748131479	60990
0	1116955	412.608136695006	61260
0	1119312	413.516589892646	61380
0	1126584	416.199692829893	61780
0	1129426	417.198228716609	61930
0	1132803	418.420050152127	62110
0	1133327	418.622135319392	62140
0	1141570	421.739020688385	62610
0	1144535	422.792804086236	62770
0	1144848	422.90444782791	62780
0	1148445	424.23342732737	62980
0	1154286	426.401912025808	63300
0	1158607	427.983498348441	63530
0	1163613	429.82741545149	63810
0	1163933	429.928337859417	63820
0	1164245	430.048039038665	63840
0	1171088	432.584291820255	64220
0	1176403	434.661100793754	64530
0	1177077	434.892747535504	64570
0	1188374	439.024263444351	65180
0	1188633	439.101799036788	65190
0	1189374	439.384574265407	65230
0	1191391	440.130255234504	65340
0	1192079	440.391808556301	65380
0	1197381	442.23572565935	65650
0	1202683	444.16897944138	65940
0	1203798	444.597349200048	66010
0	1206911	445.772621528609	66180
0	1212398	447.838017442322	66490
0	1216059	449.248029961911	66690
0	1216639	449.466488640418	66720
0	1218555	450.226845322275	66840
0	1219928	450.766557001789	66920
0	1221810	451.511957565226	67030
0	1228325	453.931223497564	67390
0	1230397	454.688844434257	67500
0	1232272	455.379618756878	67610
0	1239053	457.900268998696	67980
0	1246337	460.668768697514	68390
0	1247370	461.034195621258	68440
0	1247599	461.110326519425	68450
0	1256261	464.317895785373	68930
0	1256471	464.378199106239	68940
0	1261367	466.251133491581	69220
0	1262830	466.82254578073	69310
0	1270157	469.59097404088	69720
0	1276626	471.931619782584	70070
0	1282047	473.920099980908	70360
0	1282223	473.985519404462	70370
0	1285626	475.321681803427	70570
0	1291428	477.509225568729	70890
0	1293218	478.169543889975	70990
0	1297032	479.622467775051	71210
0	1303232	481.942282823704	71560
0	1304162	482.29393256553	71610
0	1310994	484.82294206575	71990
0	1311906	485.159416823575	72030
0	1313948	485.939738144897	72140
0	1318299	487.476856688008	72370
0	1321150	488.491464265138	72520
0	1323076	489.172463578284	72630
0	1324504	489.704117820224	72710
0	1324534	489.713041587543	72710
0	1331509	492.233127320444	73080
0	1335560	493.713820058977	73310
0	1340620	495.607059943158	73580
0	1343118	496.544701455787	73720
0	1343481	496.681669020326	73740
0	1343614	496.725007776729	73750
0	1344472	497.063225342199	73800
0	1354398	500.703994813405	74340
0	1356350	501.457770711066	74450
0	1359866	502.829445953538	74660
0	1363757	504.39843145315	74890
0	1369667	506.572334075104	75210
0	1372912	507.826947652386	75390
0	1374424	508.410299909131	75480
0	1374981	508.628514474525	75510
0	1375246	508.710005588493	75530
0	1386987	512.989301946187	76170
0	1389619	513.923082343962	76310
0	1391817	514.754744086092	76430
0	1396706	516.503734085818	76690
0	1403066	518.857641207886	77030
0	1404778	519.495577041153	77130
0	1404868	519.533787106433	77130
0	1405293	519.692244284902	77160
0	1410213	521.475324721579	77420
0	1420636	525.214607578931	77980
0	1424883	526.748402977086	78210
0	1426405	527.280057219026	78290
0	1431236	528.969045718714	78540
0	1431956	529.222900339452	78570
0	1432447	529.374824022411	78590
0	1437376	531.257533417228	78870
0	1437953	531.474574702913	78910
0	1444125	533.739142240431	79250
0	1454978	537.699317700626	79840
0	1455872	538.039928212055	79890
0	1455938	538.067685959256	79890
0	1458225	538.90829420001	80020
0	1460511	539.762163821128	80140
0	1465030	541.360123655003	80370
0	1466442	541.856798398942	80450
0	1468930	542.799857835087	80590
0	1472812	544.278405722107	80810
0	1481728	547.619167693123	81310
0	1486434	549.39296909143	81580
0	1488903	550.344633833636	81720
0	1489515	550.576354060841	81750
0	1492324	551.656079240697	81900
0	1493915	552.213626833438	81990
0	1494095	552.287476954062	82000
0	1498859	554.082104031686	82270
0	1504720	556.143702354623	82580
0	1510227	558.24919049704	82890
0	1510758	558.472551465843	82920
0	1513763	559.620865739512	83090
0	1516323	560.564491326323	83230
0	1518191	561.292320146801	83330
0	1518477	561.383704359824	83350
0	1520105	561.969870739618	83440
0	1524821	563.71834493779	83700
0	1530431	565.839944760765	84010
0	1534001	567.10541190265	84200
0	1538327	568.717093145274	84440
0	1541638	570.037840598169	84640
0	1542699	570.440738232579	84700
0	1545620	571.499957266232	84850
0	1546638	571.897585278519	84910
0	1549219	572.926144646558	85060
0	1549600	573.054578343704	85080
0	1556118	575.476185666869	85440
0	1562458	577.95068303452	85810
0	1567217	579.802370277296	86090
0	1569554	580.616992639025	86210
0	1573113	582.026140305763	86420
0	1577100	583.485256898824	86630
0	1581412	585.025913486835	86860
0	1581429	585.031447279226	86860
0	1582373	585.421434298169	86920
0	1583789	585.939900476866	87000
0	1597008	590.899006742722	87740
0	1599160	591.702269771047	87860
0	1602571	592.988414362707	88050
0	1602580	592.99069998565	88050
0	1608188	595.028163543171	88340
0	1612492	596.569713005231	88570
0	1612626	596.61358510714	88580
0	1616695	598.108204684574	88800
0	1620363	599.539809988416	89020
0	1626372	601.74127779959	89350
0	1629944	603.112953042062	89550
0	1634115	604.650593479249	89780
0	1639987	606.776759071441	90100
0	1640894	607.111976561909	90140
0	1642549	607.736481251221	90230
0	1643340	608.055871164388	90280
0	1645925	609.01047724148	90420
0	1650341	610.622087045436	90660
0	1657829	613.463926250677	91090
0	1659139	613.909582007298	91160
0	1660760	614.501237749276	91240
0	1661959	614.963661930799	91310
0	1669039	617.592917037447	91700
0	1673882	619.400283769693	91970
0	1676359	620.344178372172	92110
0	1679669	621.54841392874	92290
0	1680198	621.71879494953	92310
0	1680586	621.856780687332	92330
0	1682371	622.490383752954	92430
0	1692428	626.311327550952	93000
0	1693196	626.567462949233	93040
0	1698682	628.645968128918	93340
0	1698864	628.697538931886	93350
0	1699537	628.921200244623	93380
0	1701956	629.784334261015	93510
0	1707530	631.824083441479	93810
0	1717015	635.454476014607	94360
0	1719606	636.317142196492	94480
0	1719659	636.328385424315	94490
0	1723825	637.868821939078	94720
0	1726395	638.814258195907	94850
0	1738249	643.30731695092	95520
0	1739206	643.651761061936	95570
0	1741296	644.387908460521	95680
0	1742161	644.666368639066	95720
0	1742331	644.717939442034	95730
0	1745337	645.879022194152	95900
0	1750698	647.859786147465	96200
0	1759307	650.898071214645	96650
0	1759606	651.001944816592	96660
0	1762838	652.239593829411	96840
0	1763532	652.488133696956	96880
0	1763932	652.648793434653	96900
0	1765059	653.096579394406	96970
0	1768355	654.332592582904	97160
0	1776674	657.316022553455	97600
0	1779444	658.344333827048	97760
0	1783441	659.878974189233	97980
0	1786481	661.035813734983	98150
0	1790993	662.583363347047	98380
0	1793504	663.467256449488	98510
0	1798387	665.261883527112	98780
0	1798935	665.468870989958	98810
0	1799830	665.793466330384	98860
0	1803470	667.14055373262	99060
0	1806333	668.215295035359	99220
0	1812262	670.424237820913	99550
0	1812295	670.435048715937	99540
0	1818107	672.579613253379	99860
0	1818585	672.743488355364	99890
0	1821611	673.818097432532	100050
0	1828195	676.329729737058	100420
0	1828473	676.4281449719	100440
0	1833918	678.579839714866	100760
0	1834056	678.634555516959	100770
0	1838044	680.180481727093	101000
0	1841213	681.394322697879	101170
0	1843705	682.278855734523	101300
0	1843849	682.322727836432	101310
0	1852350	685.557390914968	101790
0	1856423	687.027409953614	102010
0	1859796	688.249027719608	102190
0	1862114	689.056816073561	102320
0	1866418	690.67914219753	102560
0	1869337	691.739770709415	102720
0	1869455	691.781964317424	102710
0	1871492	692.518111716009	102820
0	1874087	693.436623755507	102960
0	1880702	695.91664989653	103330
0	1887658	698.488283701094	103710
0	1887946	698.576054054591	103730
0	1890314	699.489721511508	103860
0	1892646	700.441386253714	104010
0	1897488	702.159031191015	104260
0	1899562	703.000373772649	104380
0	1899725	703.044245874558	104390
0	1902219	704.035888737221	104530
0	1913755	708.19895695431	105160
0	1917744	709.630562258152	105370
0	1918186	709.788978993032	105390
0	1920109	710.501352187145	105500
0	1920885	710.740643735238	105530
0	1924595	712.219604253489	105760
0	1925835	712.701294747693	105820
0	1931495	714.783539356994	106130
0	1933619	715.601177869547	106250
0	1940678	718.198206935644	106640
0	1945480	719.989821239714	106910
0	1947514	720.814254625016	107030
0	1950813	722.040528228609	107210
0	1950869	722.060641169467	107220
0	1955389	723.685967368438	107460
0	1956474	724.084900886005	107510
0	1962020	726.080439851185	107810
0	1963933	726.768838989586	107910
0	1971304	729.403487067742	108300
0	1975083	730.796859575001	108510
0	1975850	731.075098371736	108550
0	1976474	731.293516606654	108590
0	1980677	732.885799360479	108820
0	1980806	732.944122366617	108830
0	1981253	733.085202349392	108840
0	1986744	734.996662756833	109130
0	1991686	736.888091970996	109410
0	2001243	740.329742512378	109930
0	2002030	740.602767049836	109970
0	2003095	741.014346853032	110030
0	2003460	741.145005840711	110050
0	2005205	741.821420754926	110150
0	2007942	742.880370772911	110310
0	2009823	743.628180358129	110410
0	2012909	744.784289375998	110580
0	2021248	747.827983539961	111040
0	2022510	748.310529257654	111110
0	2026214	749.701219746131	111320
0	2027314	750.179006455902	111390
0	2041296	755.196469565457	112140
0	2042719	755.732768538738	112220
0	2043020	755.861130797216	112240
0	2046580	757.211729056989	112430
0	2048468	757.915617659316	112530
0	2055103	760.356296747897	112900
0	2057122	761.081848540744	113010
0	2061496	762.652543529335	113240
0	2063002	763.190331739144	113320
0	2064809	763.872686470953	113420
0	2077254	768.501087746826	114120
0	2077652	768.629450005304	114140
0	2078867	769.032513653393	114180
0	2083684	770.760067765571	114440
0	2087122	772.00396986824	114630
0	2090619	773.250152748452	114810
0	2096271	775.300859737347	115120
0	2097453	775.71864494708	115180
0	2098221	775.977989103621	115220
0	2102882	777.657316652626	115470
0	2105225	778.50569691156	115600
0	2108014	779.577777285073	115750
0	2110074	780.380179273546	115870
0	2110696	780.576313171789	115900
0	2118902	783.606411655012	116350
0	2121764	784.694869352766	116510
0	2123323	785.297109643679	116600
0	2130606	788.023290236251	117010
0	2133230	788.9825997848	117160
0	2137654	790.671001044266	117410
0	2138791	791.143066417399	117470
0	2142942	792.621614304419	117690
0	2147950	794.40552990743	117960
0	2150527	795.351705287452	118100
0	2154560	796.802397275967	118310
0	2154677	796.860173485472	118320
0	2161098	799.165568793309	118670
0	2163500	800.12787841686	118810
0	2170399	802.716302176896	119200
0	2172345	803.425373475179	119290
0	2173023	803.646889936403	119330
0	2181560	806.870841540326	119810
0	2183704	807.577010920196	119910
0	2185135	808.067678908103	119990
0	2186835	808.725470117988	120090
0	2189975	809.887836850101	120260
0	2193052	810.970149473728	120420
0	2198776	813.067614531287	120740
0	2202899	814.609163993347	120950
0	2203873	814.938607734638	121010
0	2212879	818.299278976988	121510
0	2213682	818.609942464781	121550
0	2213693	818.613135097764	121550
0	2215635	819.344073256091	121660
0	2218014	820.287759175312	121800
0	2222003	821.752419030558	122020
0	2228282	824.023888438227	122360
0	2231516	825.211429050063	122530
0	2235867	826.86090579219	122780
0	2240054	828.481533533438	123020
0	2242378	829.332210521573	123150
0	2243074	829.586329312579	123180
0	2245968	830.71543765543	123350
0	2246133	830.770021231952	123360
0	2248383	831.568664436776	123480
0	2255037	833.947647455597	123830
0	2259348	835.646178995589	124080
0	2263726	837.21716469875	124320
0	2264052	837.337754939048	124330
0	2268548	838.968451427677	124580
0	2269529	839.326235137372	124630
0	2270850	839.765583794027	124700
0	2275271	841.37170406218	124930
0	2278517	842.53093849372	125110
0	2286253	845.389933512845	125530
0	2289451	846.605452977531	125700
0	2293180	847.940019995764	125910
0	2294938	848.59944925596	126000
0	2297875	849.638830625281	126160
0	2298393	849.808497194012	126190
0	2300786	850.650743485077	126310
0	2304241	851.913967618858	126500
0	2310709	854.270231976156	126850
0	2315125	855.929196994521	127100
0	2317109	856.658704308899	127200
0	2322083	858.41869473718	127460
0	2324460	859.259302977934	127590
0	2325463	859.68774417527	127650
0	2330136	861.430012966905	127910
0	2331468	861.923423306004	127990
0	2333816	862.753238600724	128110
0	2340038	865.022424325281	128450
0	2340462	865.179219135125	128470
0	2342585	865.951883066952	128580
0	2344129	866.500914504586	128660
0	2347389	867.692513808276	128840
0	2353974	870.163231297437	129210
0	2355552	870.706437430762	129290
0	2360933	872.679104819047	129580
0	2364724	874.029440390731	129790
0	2374874	877.583814815924	130320
0	2383361	880.809308074197	130800
0	2383947	881.042824835429	130820
0	2384964	881.381286514012	130870
0	2386450	881.912282077062	130950
0	2390276	883.412906818234	131180
0	2391138	883.73396856982	131230
0	2400636	887.203657308231	131740
0	2400684	887.214770024083	131750
0	2401763	887.62686044148	131810
0	2403779	888.37146126844	131920
0	2406103	889.173028090579	132030
0	2406716	889.382468831794	132060
0	2409762	890.514550705345	132230
0	2415284	892.443132573954	132520
0	2418889	893.799220201196	132720
0	2420069	894.193832062659	132780
0	2421778	894.804959778891	132870
0	2422948	895.277051696326	132940
0	2430400	898.104740460153	133360
0	2437607	900.707751963968	133740
0	2437707	900.738317222905	133740
0	2439464	901.436787901716	133850
0	2442572	902.589439956764	134020
0	2450552	905.399112194757	134440
0	2451375	905.707232335797	134490
0	2453615	906.528484707876	134610
0	2455508	907.142348328842	134700
0	2458262	908.088500977561	134840
0	2458800	908.286995016603	134860
0	2459198	908.417944718852	134880
0	2461732	909.326985156714	135020
0	2472746	913.371709513594	135620
0	2473756	913.769321450059	135680
0	2476779	914.898693963178	135850
0	2477744	915.272551583992	135910
0	2488184	919.050775034505	136470
0	2488486	919.140212775644	136490
0	2489518	919.495275223703	136530
0	2491467	920.22925771362	136640
0	2492185	920.515602545177	136680
0	2502882	924.431588006813	137270
0	2507971	926.280978520388	137540
0	2509561	926.894842141354	137630
0	2511623	927.580064722594	137740
0	2517893	929.917535780305	138090
0	2521239	931.159077742175	138270
0	2523731	932.088536483846	138400
0	2524081	932.197894602577	138420
0	2525804	932.877573921632	138520
0	2536584	936.959901214749	139130
0	2539959	938.227743535569	139320
0	2540556	938.422335779462	139350
0	2543941	939.728082857347	139540
0	2544228	939.843165849556	139560
0	2545392	940.309329229274	139630
0	2551743	942.781368299537	139990
0	2555103	944.070836041436	140180
0	2555960	944.379861478918	140230
0	2560030	945.892522534194	140450
0	2565726	948.162181271845	140790
0	2571380	950.251577785572	141100
0	2571573	950.311556554307	141110
0	2573647	951.121012295902	141230
0	2574866	951.55004073346	141300
0	2575257	951.70546240707	141310
0	2575795	951.896085244227	141340
0	2579632	953.396424566005	141560
0	2584752	955.152356026273	141830
0	2590054	957.121749539924	142120
0	2593193	958.300832742054	142300
0	2596251	959.475656661992	142470
0	2606160	963.238332940864	143040
0	2608629	964.069336004104	143160
0	2610145	964.607403027279	143230
0	2611217	964.999923763611	143290
0	2616764	966.947763349589	143580
0	2620636	968.340685734627	143790
0	2623137	969.230052247594	143920
0	2632964	972.903992370498	144470
0	2633719	973.232206026512	144520
0	2637503	974.543651433573	144710
0	2642424	976.36064328689	144990
0	2646462	977.904037256529	145210
0	2647972	978.431259547119	145280
0	2649268	978.889724225778	145350
0	2657824	982.001371530684	145820
0	2660451	982.972051518895	145960
0	2660504	982.988449932692	145970
0	2668713	985.91531765374	146400
0	2669817	986.296891693184	146460
0	2674156	987.887495953109	146700
0	2676314	988.638003792501	146800
0	2678774	989.48598913249	146930
0	2685575	991.937619936978	147290
0	2687621	992.668293925037	147400
0	2688439	992.958413616065	147440
0	2696326	995.791564559996	147870
0	2701120	997.562814291924	148140
0	2701540	997.734231198263	148160
1	27087	10.412548147849	10.283913918468
1	27087	10.412548147849	10.316311229361
1	27087	10.412548147849	10.245722489101
1	27087	10.412548147849	10.305068001536
1	27087	10.412548147849	10.301875368553
1	27087	10.412548147849	10.304655062649
1	27087	10.412548147849	10.285745970424
1	27087	10.412548147849	10.272280075501
1	27087	10.412548147849	10.256309729323
1	27087	10.412548147849	10.298591994522
1	64049	23.77382860848	23.610914035001
1	64049	23.77382860848	23.647998893319
1	64049	23.77382860848	23.657311832481
1	64049	23.77382860848	23.661046648346
1	64049	23.77382860848	23.644032245051
1	64049	23.77382860848	23.574659053113
1	64049	23.77382860848	23.614369629821
1	64049	23.77382860848	23.571615334842
1	64049	23.77382860848	23.486999949656
1	64049	23.77382860848	23.5609387076
1	98583	36.35078398305	36.181048679129
1	98583	36.35078398305	36.226489930123
1	98583	36.35078398305	36.145353652015
1	98583	36.35078398305	36.205696480698
1	98583	36.35078398305	36.150497594365
1	98583	36.35078398305	36.020511410588
1	98583	36.35078398305	36.00454106441
1	98583	36.35078398305	36.003953824188
1	98583	36.35078398305	36.121301963191
1	98583	36.35078398305	36.144562164309
1	126419	46.552833583708	46.345630508144
1	126419	46.552833583708	46.287401752635
1	126419	46.552833583708	46.360437648327
1	126419	46.552833583708	46.332227759304
1	126419	46.552833583708	46.273596535216
1	126419	46.552833583708	46.394296327133
1	126419	46.552833583708	46.345665955595
1	126419	46.552833583708	46.132153304222
1	126419	46.552833583708	46.324665614173
1	126419	46.552833583708	46.249633976171
1	158490	58.403694355416	58.011013794401
1	158490	58.403694355416	58.11301080268
1	158490	58.403694355416	58.193761763515
1	158490	58.403694355416	58.006458416409
1	158490	58.403694355416	57.932615314161
1	158490	58.403694355416	58.158474606037
1	158490	58.403694355416	57.923012575892
1	158490	58.403694355416	58.115524885843
1	158490	58.403694355416	58.085733705805
1	158490	58.403694355416	58.10727340413
1	188522	69.422969837396	69.146188069667
1	188522	69.422969837396	69.021602755725
1	188522	69.422969837396	69.156746518617
1	188522	69.422969837396	69.157760713936
1	188522	69.422969837396	68.941096348974
1	188522	69.422969837396	69.132268632073
1	188522	69.422969837396	69.082616527451
1	188522	69.422969837396	69.111264594825
1	188522	69.422969837396	69.092881871598
1	188522	69.422969837396	68.943356005233
1	220624	81.414287332278	81.147118204127
1	220624	81.414287332278	80.813602552678
1	220624	81.414287332278	80.900662873639
1	220624	81.414287332278	81.064554272953
1	220624	81.414287332278	81.051086224703
1	220624	81.414287332278	80.908369901275
1	220624	81.414287332278	80.767449673226
1	220624	81.414287332278	80.837566677413
1	220624	81.414287332278	81.144010306468
1	220624	81.414287332278	80.996842833497
1	247441	91.353535813574	90.781588495313
1	247441	91.353535813574	90.992232528177
1	247441	91.353535813574	90.911080494517
1	247441	91.353535813574	90.836613897648
1	247441	91.353535813574	90.793261347439
1	247441	91.353535813574	90.737160008059
1	247441	91.353535813574	91.052817881138
1	247441	91.353535813574	90.884591514256
1	247441	91.353535813574	90.622230625721
1	247441	91.353535813574	90.688037579689
1	272401	100.594313616059	100.21860885608
1	272401	100.594313616059	99.995706551252
1	272401	100.594313616059	100.03467107774
1	272401	100.594313616059	99.955888306817
1	272401	100.594313616059	99.9712959138
1	272401	100.594313616059	100.04756214509
1	272401	100.594313616059	100.11686761724
1	272401	100.594313616059	99.926943699841
1	272401	100.594313616059	100.15282537317
1	272401	100.594313616059	99.8593008302
1	311529	114.865670400099	114.14643461887
1	311529	114.865670400099	114.23495172568
1	311529	114.865670400099	114.19994493567
1	311529	114.865670400099	114.2289482452
1	311529	114.865670400099	114.22540560324
1	311529	114.865670400099	114.36243209694
1	311529	114.865670400099	114.08974803789
1	311529	114.865670400099	114.38607455437
1	311529	114.865670400099	114.05777473956
1	311529	114.865670400099	114.05229347189
1	328428	120.811272257234	120.11677611399
1	328428	120.811272257234	120.02054471783
1	328428	120.811272257234	119.92018271571
1	328428	120.811272257234	120.10096425327
1	328428	120.811272257234	120.30638533094
1	328428	120.811272257234	120.3097825143
1	328428	120.811272257234	119.9511925719
1	328428	120.811272257234	119.97992260977
1	328428	120.811272257234	120.10199555482
1	328428	120.811272257234	119.86442709799
1	364088	134.17058852841	133.29271842417
1	364088	134.17058852841	133.31227708653
1	364088	134.17058852841	133.35045220589
1	364088	134.17058852841	133.6337541045
1	364088	134.17058852841	133.64781267583
1	364088	134.17058852841	133.25878592078
1	364088	134.17058852841	133.32574762987
1	364088	134.17058852841	133.40131032595
1	364088	134.17058852841	133.31335501472
1	364088	134.17058852841	133.28979101593
1	384420	141.709794720472	140.69870217888
1	384420	141.709794720472	140.77053422797
1	384420	141.709794720472	141.1332090862
1	384420	141.709794720472	140.67297004248
1	384420	141.709794720472	140.75294956123
1	384420	141.709794720472	140.86863588718
1	384420	141.709794720472	140.84397596261
1	384420	141.709794720472	140.82213576358
1	384420	141.709794720472	140.71398339228
1	384420	141.709794720472	140.74298000629
1	411092	151.730592023451	151.13944885134
1	411092	151.730592023451	151.12168696004
1	411092	151.730592023451	150.76611509902
1	411092	151.730592023451	150.8878656914
1	411092	151.730592023451	150.78391260475
1	411092	151.730592023451	150.6735735309
1	411092	151.730592023451	150.75188430123
1	411092	151.730592023451	151.1337560995
1	411092	151.730592023451	150.65444349939
1	411092	151.730592023451	151.0968066122
1	445322	164.05677118314	162.88962415253
1	445322	164.05677118314	163.00108897252
1	445322	164.05677118314	163.20492632458
1	445322	164.05677118314	163.10522152594
1	445322	164.05677118314	162.94271261173
1	445322	164.05677118314	163.04889274604
1	445322	164.05677118314	163.43718558296
1	445322	164.05677118314	163.41707297433
1	445322	164.05677118314	162.93787675491
1	445322	164.05677118314	162.94108747248
1	470043	173.21300008894	172.04113836278
1	470043	173.21300008894	172.3339402892
1	470043	173.21300008894	171.96314735451
1	470043	173.21300008894	172.07141909396
1	470043	173.21300008894	172.16463972632
1	470043	173.21300008894	172.58174435077
1	470043	173.21300008894	172.54690498067
1	470043	173.21300008894	172.08030362453
1	470043	173.21300008894	172.06860470577
1	470043	173.21300008894	172.19429262976
1	499800	184.275482101752	183.20055754214
1	499800	184.275482101752	182.95811932085
1	499800	184.275482101752	182.95497187968
1	499800	184.275482101752	183.63889496745
1	499800	184.275482101752	182.95260911212
1	499800	184.275482101752	183.58169519046
1	499800	184.275482101752	183.06626706464
1	499800	184.275482101752	183.09076642379
1	499800	184.275482101752	183.23988843695
1	499800	184.275482101752	183.19847099021
1	536273	197.832767308958	196.52448237742
1	536273	197.832767308958	196.76488737182
1	536273	197.832767308958	197.12615057976
1	536273	197.832767308958	197.04019370943
1	536273	197.832767308958	196.54355280433
1	536273	197.832767308958	196.49375982711
1	536273	197.832767308958	196.58815850246
1	536273	197.832767308958	196.76419109642
1	536273	197.832767308958	196.71367697119
1	536273	197.832767308958	196.50703211535
1	566718	208.903097792352	207.75560083069
1	566718	208.903097792352	208.14260031784
1	566718	208.903097792352	208.03172552375
1	566718	208.903097792352	207.53346866124
1	566718	208.903097792352	207.54769902105
1	566718	208.903097792352	207.82438883314
1	566718	208.903097792352	207.72986530042
1	566718	208.903097792352	207.4048083607
1	566718	208.903097792352	207.69559933065
1	566718	208.903097792352	208.0825988178
1	604100	222.70280183449	221.18296508119
1	604100	222.70280183449	221.28740156315
1	604100	222.70280183449	221.56409137524
1	604100	222.70280183449	221.4588274429
1	604100	222.70280183449	221.14647509225
1	604100	222.70280183449	221.21617477146
1	604100	222.70280183449	221.33451540291
1	604100	222.70280183449	221.47707787258
1	604100	222.70280183449	221.14209305428
1	604100	222.70280183449	221.75890046535
1	627436	231.208032177164	229.75184982121
1	627436	231.208032177164	229.96461906036
1	627436	231.208032177164	229.5981704425
1	627436	231.208032177164	229.59170393489
1	627436	231.208032177164	229.71357516583
1	627436	231.208032177164	229.80745792576
1	627436	231.208032177164	229.5875144549
1	627436	231.208032177164	229.58432182192
1	627436	231.208032177164	230.26135012315
1	627436	231.208032177164	229.7252048881
1	659956	243.274880631439	242.02969789229
1	659956	243.274880631439	241.87011180322
1	659956	243.274880631439	241.77080512437
1	659956	243.274880631439	241.73747690384
1	659956	243.274880631439	241.84051171162
1	659956	243.274880631439	241.96103633112
1	659956	243.274880631439	242.33462665066
1	659956	243.274880631439	242.26550034944
1	659956	243.274880631439	241.74050591165
1	659956	243.274880631439	241.54560313692
1	699648	257.846244915669	256.35155024479
1	699648	257.846244915669	256.29967931486
1	699648	257.846244915669	256.40534853915
1	699648	257.846244915669	256.22938325602
1	699648	257.846244915669	256.53053321191
1	699648	257.846244915669	256.90112697076
1	699648	257.846244915669	256.83407968715
1	699648	257.846244915669	256.2503162697
1	699648	257.846244915669	256.32964601035
1	699648	257.846244915669	256.3422670929
1	718107	264.734493577718	263.187227967
1	718107	264.734493577718	263.26905264258
1	718107	264.734493577718	263.11678614389
1	718107	264.734493577718	263.41424369379
1	718107	264.734493577718	263.7207604481
1	718107	264.734493577718	263.66606532558
1	718107	264.734493577718	263.07788218747
1	718107	264.734493577718	263.21348742416
1	718107	264.734493577718	263.1797974068
1	718107	264.734493577718	263.18003506635
1	759794	280.070800529747	278.58391408053
1	759794	280.070800529747	278.44051012414
1	759794	280.070800529747	278.71934683126
1	759794	280.070800529747	279.05069039956
1	759794	280.070800529747	278.96486661706
1	759794	280.070800529747	278.39393737006
1	759794	280.070800529747	278.52825885591
1	759794	280.070800529747	278.45610285879
1	759794	280.070800529747	278.57643010989
1	759794	280.070800529747	278.42446546317
1	778373	287.07605211687	285.45919045722
1	778373	287.07605211687	285.15552689442
1	778373	287.07605211687	285.9536680168
1	778373	287.07605211687	285.93381259955
1	778373	287.07605211687	285.1121278056
1	778373	287.07605211687	285.1067686222
1	778373	287.07605211687	285.39805413793
1	778373	287.07605211687	285.55857896655
1	778373	287.07605211687	285.398343183
1	778373	287.07605211687	285.36605773284
1	815808	300.966322917983	299.57027360245
1	815808	300.966322917983	299.64289542506
1	815808	300.966322917983	299.71019108932
1	815808	300.966322917983	299.21785513096
1	815808	300.966322917983	299.35712443735
1	815808	300.966322917983	299.12216381961
1	815808	300.966322917983	299.41195099809
1	815808	300.966322917983	299.28319974903
1	815808	300.966322917983	299.2036971773
1	815808	300.966322917983	299.55486771946
1	845785	312.171603050081	310.12788219457
1	845785	312.171603050081	310.82294408636
1	845785	312.171603050081	310.40500850264
1	845785	312.171603050081	310.5390879008
1	845785	312.171603050081	310.30812218681
1	845785	312.171603050081	310.0722627325
1	845785	312.171603050081	310.37592452292
1	845785	312.171603050081	310.75699536701
1	845785	312.171603050081	310.5335798671
1	845785	312.171603050081	310.78817405712
1	873256	322.320879512814	320.89602571515
1	873256	322.320879512814	320.53752603103
1	873256	322.320879512814	320.65542735339
1	873256	322.320879512814	320.3915623363
1	873256	322.320879512814	320.58316907891
1	873256	322.320879512814	320.45066692344
1	873256	322.320879512814	320.89109942636
1	873256	322.320879512814	320.65797149613
1	873256	322.320879512814	320.93503261052
1	873256	322.320879512814	320.89326811421
1	905620	334.273155589081	332.42525844064
1	905620	334.273155589081	332.60395560841
1	905620	334.273155589081	332.25932431088
1	905620	334.273155589081	332.48472093581
1	905620	334.273155589081	332.38932384179
1	905620	334.273155589081	332.78091854608
1	905620	334.273155589081	332.56704432176
1	905620	334.273155589081	332.86417512436
1	905620	334.273155589081	332.8344320401
1	905620	334.273155589081	332.38169507971
1	941977	347.842571280362	346.1171176209
1	941977	347.842571280362	345.56969297028
1	941977	347.842571280362	346.04485934642
1	941977	347.842571280362	345.92843412616
1	941977	347.842571280362	346.34937626396
1	941977	347.842571280362	346.0484986533
1	941977	347.842571280362	345.5588444247
1	941977	347.842571280362	346.39838964556
1	941977	347.842571280362	345.93647524934
1	941977	347.842571280362	346.11336979965
1	972323	359.187649456744	357.06264020668
1	972323	359.187649456744	357.30484344993
1	972323	359.187649456744	357.26094410315
1	972323	359.187649456744	357.36928401134
1	972323	359.187649456744	357.47756503042
1	972323	359.187649456744	356.84392110104
1	972323	359.187649456744	357.70003655811
1	972323	359.187649456744	357.10203384782
1	972323	359.187649456744	357.44943865305
1	972323	359.187649456744	356.79476814659
1	998547	368.944475589412	366.99708778538
1	998547	368.944475589412	367.00064234209
1	998547	368.944475589412	367.01547989114
1	998547	368.944475589412	367.14595705928
1	998547	368.944475589412	367.50711423096
1	998547	368.944475589412	367.4461669152
1	998547	368.944475589412	366.83450321077
1	998547	368.944475589412	367.17456847488
1	998547	368.944475589412	366.72580711412
1	998547	368.944475589412	366.94710789171
1	1032827	381.652793297462	379.66509024489
1	1032827	381.652793297462	379.65250916908
1	1032827	381.652793297462	379.18925449966
1	1032827	381.652793297462	380.07776910678
1	1032827	381.652793297462	380.14861016262
1	1032827	381.652793297462	379.49293874895
1	1032827	381.652793297462	379.82545028554
1	1032827	381.652793297462	379.4322386576
1	1032827	381.652793297462	379.64469216751
1	1032827	381.652793297462	379.61363059816
1	1056343	390.389011702996	388.3272178988
1	1056343	390.389011702996	388.5695162961
1	1056343	390.389011702996	388.78255002373
1	1056343	390.389011702996	388.77755417563
1	1056343	390.389011702996	388.18620712827
1	1056343	390.389011702996	388.4991224753
1	1056343	390.389011702996	388.14544282988
1	1056343	390.389011702996	388.35786650169
1	1056343	390.389011702996	388.29523613112
1	1056343	390.389011702996	387.80769519565
1	1091250	403.334335336196	401.47581530602
1	1091250	403.334335336196	401.64557025297
1	1091250	403.334335336196	401.70401434999
1	1091250	403.334335336196	401.1265088151
1	1091250	403.334335336196	401.24056346694
1	1091250	403.334335336196	401.05566536086
1	1091250	403.334335336196	400.69498151827
1	1091250	403.334335336196	401.0924662982
1	1091250	403.334335336196	401.13015545031
1	1091250	403.334335336196	401.44380271206
1	1119312	413.516589892646	411.79058041682
1	1119312	413.516589892646	411.8563552736
1	1119312	413.516589892646	411.25856020763
1	1119312	413.516589892646	411.40996217095
1	1119312	413.516589892646	411.17213626021
1	1119312	413.516589892646	410.81723457468
1	1119312	413.516589892646	411.26707974394
1	1119312	413.516589892646	411.52604506587
1	1119312	413.516589892646	411.23971173258
1	1119312	413.516589892646	411.75613102312
1	1154286	426.401912025808	424.70217384899
1	1154286	426.401912025808	424.07209883592
1	1154286	426.401912025808	423.64960895564
1	1154286	426.401912025808	424.02147924991
1	1154286	426.401912025808	424.34454282807
1	1154286	426.401912025808	424.06503236571
1	1154286	426.401912025808	424.40206193027
1	1154286	426.401912025808	424.08430524121
1	1154286	426.401912025808	424.47501590459
1	1154286	426.401912025808	423.61904369671
1	1188633	439.101799036788	436.7265109482
1	1188633	439.101799036788	436.82957772777
1	1188633	439.101799036788	436.70335414569
1	1188633	439.101799036788	437.01065233545
1	1188633	439.101799036788	436.68082718687
1	1188633	439.101799036788	437.01910246788
1	1188633	439.101799036788	436.74981821323
1	1188633	439.101799036788	437.03206408655
1	1188633	439.101799036788	437.30903328943
1	1188633	439.101799036788	436.63159403101
1	1216059	449.248029961911	446.97145291391
1	1216059	449.248029961911	446.65768539241
1	1216059	449.248029961911	447.15190628965
1	1216059	449.248029961911	446.74414525439
1	1216059	449.248029961911	447.11034331663
1	1216059	449.248029961911	446.75327713806
1	1216059	449.248029961911	446.36128803086
1	1216059	449.248029961911	446.34515863273
1	1216059	449.248029961911	446.72992479015
1	1216059	449.248029961911	446.95806241156
1	1246337	460.668768697514	458.07170360576
1	1246337	460.668768697514	458.55139799973
1	1246337	460.668768697514	457.72610548357
1	1246337	460.668768697514	458.50378416704
1	1246337	460.668768697514	458.11401437363
1	1246337	460.668768697514	458.47132167353
1	1246337	460.668768697514	458.82077890183
1	1246337	460.668768697514	458.13856219169
1	1246337	460.668768697514	457.6734595522
1	1246337	460.668768697514	458.06655611338
1	1282047	473.920099980908	471.7567061052
1	1282047	473.920099980908	471.40509639877
1	1282047	473.920099980908	471.72474433254
1	1282047	473.920099980908	471.30534415698
1	1282047	473.920099980908	471.7176614673
1	1282047	473.920099980908	472.06733273351
1	1282047	473.920099980908	471.36643171289
1	1282047	473.920099980908	471.6089128466
1	1282047	473.920099980908	471.26975391137
1	1282047	473.920099980908	471.71432559874
1	1311906	485.159416823575	482.621187391
1	1311906	485.159416823575	482.53750849529
1	1311906	485.159416823575	482.88734331299
1	1311906	485.159416823575	482.09267039241
1	1311906	485.159416823575	483.25088224433
1	1311906	485.159416823575	482.51219095761
1	1311906	485.159416823575	482.8259921844
1	1311906	485.159416823575	482.4972027394
1	1311906	485.159416823575	482.93243431889
1	1311906	485.159416823575	482.59553061602
1	1340620	495.607059943158	492.96780296409
1	1340620	495.607059943158	493.32134377944
1	1340620	495.607059943158	493.33018178309
1	1340620	495.607059943158	493.69429119572
1	1340620	495.607059943158	492.9321174179
1	1340620	495.607059943158	493.24883740447
1	1340620	495.607059943158	492.79988501333
1	1340620	495.607059943158	493.37108149644
1	1340620	495.607059943158	493.02170112537
1	1340620	495.607059943158	492.42272836043
1	1369667	506.572334075104	504.17566689988
1	1369667	506.572334075104	504.26982788063
1	1369667	506.572334075104	504.62752380868
1	1369667	506.572334075104	503.8816512456
1	1369667	506.572334075104	504.20645999598
1	1369667	506.572334075104	503.33643168941
1	1369667	506.572334075104	504.27925789666
1	1369667	506.572334075104	503.93894074841
1	1369667	506.572334075104	503.32800099234
1	1369667	506.572334075104	504.10019330176
1	1403066	518.857641207886	516.52006965582
1	1403066	518.857641207886	516.85282944143
1	1403066	518.857641207886	516.01493869078
1	1403066	518.857641207886	516.43641128624
1	1403066	518.857641207886	515.56173732216
1	1403066	518.857641207886	516.548351597
1	1403066	518.857641207886	515.55496899371
1	1403066	518.857641207886	516.14783503315
1	1403066	518.857641207886	516.36345424196
1	1403066	518.857641207886	516.51673714138
1	1431956	529.222900339452	525.90001851001
1	1431956	529.222900339452	526.36488852596
1	1431956	529.222900339452	526.74782395086
1	1431956	529.222900339452	526.30683834883
1	1431956	529.222900339452	526.88602067935
1	1431956	529.222900339452	526.49379606707
1	1431956	529.222900339452	525.85856425661
1	1431956	529.222900339452	526.713091467
1	1431956	529.222900339452	526.65727743979
1	1431956	529.222900339452	527.16153723872
1	1460511	539.762163821128	536.85133391189
1	1460511	539.762163821128	537.22994631195
1	1460511	539.762163821128	536.83785543381
1	1460511	539.762163821128	537.40824740376
1	1460511	539.762163821128	536.96703955052
1	1460511	539.762163821128	536.96327449242
1	1460511	539.762163821128	536.33560094772
1	1460511	539.762163821128	537.14988547485
1	1460511	539.762163821128	537.69735055463
1	1460511	539.762163821128	536.29520193391
1	1492324	551.656079240697	548.18075809508
1	1492324	551.656079240697	548.71199084245
1	1492324	551.656079240697	549.28463936962
1	1492324	551.656079240697	548.83161459427
1	1492324	551.656079240697	548.74897956549
1	1492324	551.656079240697	548.88898134164
1	1492324	551.656079240697	548.98678275859
1	1492324	551.656079240697	549.53126447416
1	1492324	551.656079240697	548.7052834793
1	1492324	551.656079240697	548.12075659504
1	1518191	561.292320146801	558.33567311043
1	1518191	561.292320146801	558.86087877568
1	1518191	561.292320146801	558.45691045945
1	1518191	561.292320146801	558.51932931168
1	1518191	561.292320146801	558.29542398629
1	1518191	561.292320146801	558.62263402241
1	1518191	561.292320146801	559.16166983065
1	1518191	561.292320146801	558.27891213075
1	1518191	561.292320146801	558.67059671982
1	1518191	561.292320146801	558.27120989921
1	1545620	571.499957266232	569.04060227986
1	1545620	571.499957266232	568.57794280923
1	1545620	571.499957266232	568.66696493108
1	1545620	571.499957266232	568.44305960568
1	1545620	571.499957266232	567.89019725973
1	1545620	571.499957266232	569.31857645564
1	1545620	571.499957266232	567.8499908039
1	1545620	571.499957266232	568.84449652015
1	1545620	571.499957266232	568.47543166264
1	1545620	571.499957266232	568.98822219051
1	1577100	583.485256898824	580.47686549148
1	1577100	583.485256898824	580.38686710035
1	1577100	583.485256898824	579.81568795026
1	1577100	583.485256898824	580.75595891668
1	1577100	583.485256898824	581.29460508263
1	1577100	583.485256898824	580.33181778595
1	1577100	583.485256898824	580.81167061478
1	1577100	583.485256898824	579.76634243783
1	1577100	583.485256898824	580.92520770374
1	1577100	583.485256898824	580.42651947921
1	1608188	595.028163543171	591.3008183851
1	1608188	595.028163543171	592.08947046577
1	1608188	595.028163543171	592.26565783947
1	1608188	595.028163543171	592.78678123254
1	1608188	595.028163543171	591.84449510765
1	1608188	595.028163543171	592.2495015318
1	1608188	595.028163543171	591.82637517494
1	1608188	595.028163543171	592.45584717421
1	1608188	595.028163543171	591.95174066
1	1608188	595.028163543171	591.76750604523
1	1640894	607.111976561909	604.14779420175
1	1640894	607.111976561909	604.29870960682
1	1640894	607.111976561909	604.8073364192
1	1640894	607.111976561909	603.28200559946
1	1640894	607.111976561909	603.27664641606
1	1640894	607.111976561909	603.80391838822
1	1640894	607.111976561909	604.49192586678
1	1640894	607.111976561909	604.01013182108
1	1640894	607.111976561909	603.26462840376
1	1640894	607.111976561909	604.13467791726
1	1669039	617.592917037447	614.64727841323
1	1669039	617.592917037447	615.2548180992
1	1669039	617.592917037447	614.37947642453
1	1669039	617.592917037447	614.76255270711
1	1669039	617.592917037447	613.69399807633
1	1669039	617.592917037447	614.96317680894
1	1669039	617.592917037447	614.45649265424
1	1669039	617.592917037447	613.68556737926
1	1669039	617.592917037447	614.53773153433
1	1669039	617.592917037447	614.58938256658
1	1698682	628.645968128918	626.28132648617
1	1698682	628.645968128918	625.42503233304
1	1698682	628.645968128918	624.69063498299
1	1698682	628.645968128918	625.30446219958
1	1698682	628.645968128918	624.68358123515
1	1698682	628.645968128918	625.45445346496
1	1698682	628.645968128918	624.99816263384
1	1698682	628.645968128918	625.58169587673
1	1698682	628.645968128918	624.67319904718
1	1698682	628.645968128918	626.27456037089
1	1726395	638.814258195907	635.58054431403
1	1726395	638.814258195907	635.92331767934
1	1726395	638.814258195907	635.46723765118
1	1726395	638.814258195907	636.05584535051
1	1726395	638.814258195907	635.59052447586
1	1726395	638.814258195907	634.78690553765
1	1726395	638.814258195907	635.74374684859
1	1726395	638.814258195907	635.77123424305
1	1726395	638.814258195907	636.32434010903
1	1726395	638.814258195907	635.52089283574
1	1759606	651.001944816592	648.08638374129
1	1759606	651.001944816592	647.63046771385
1	1759606	651.001944816592	648.14343315062
1	1759606	651.001944816592	647.59587978888
1	1759606	651.001944816592	647.84128478246
1	1759606	651.001944816592	647.21423292581
1	1759606	651.001944816592	647.85327632357
1	1759606	651.001944816592	648.49543342338
1	1759606	651.001944816592	647.70822943467
1	1759606	651.001944816592	648.05100279999
1	1786481	661.035813734983	657.63430630561
1	1786481	661.035813734983	658.16341890966
1	1786481	661.035813734983	657.53738499695
1	1786481	661.035813734983	657.74296756569
1	1786481	661.035813734983	657.14094413075
1	1786481	661.035813734983	657.82714374193
1	1786481	661.035813734983	658.49618783545
1	1786481	661.035813734983	656.84583377231
1	1786481	661.035813734983	658.0507821082
1	1786481	661.035813734983	657.63105981833
1	1812295	670.435048715937	667.55939270269
1	1812295	670.435048715937	666.90010639676
1	1812295	670.435048715937	667.1328553026
1	1812295	670.435048715937	666.47135916644
1	1812295	670.435048715937	667.16193478936
1	1812295	670.435048715937	667.84523155412
1	1812295	670.435048715937	667.08133183398
1	1812295	670.435048715937	667.37755362999
1	1812295	670.435048715937	667.00357011316
1	1812295	670.435048715937	667.54830527714
1	1841213	681.394322697879	677.83106112287
1	1841213	681.394322697879	678.01085429534
1	1841213	681.394322697879	677.12396396447
1	1841213	681.394322697879	678.09856187142
1	1841213	681.394322697879	678.79737668689
1	1841213	681.394322697879	677.96054795106
1	1841213	681.394322697879	678.2768261119
1	1841213	681.394322697879	677.92956728119
1	1841213	681.394322697879	678.44757775904
1	1841213	681.394322697879	677.7254132981
1	1869455	691.781964317424	688.33849441485
1	1869455	691.781964317424	687.75827326788
1	1869455	691.781964317424	688.44884889081
1	1869455	691.781964317424	689.18277893193
1	1869455	691.781964317424	688.34516799782
1	1869455	691.781964317424	688.61269716856
1	1869455	691.781964317424	688.28648432589
1	1869455	691.781964317424	687.3995669234
1	1869455	691.781964317424	688.06306510142
1	1869455	691.781964317424	688.27787510547
1	1899562	703.000373772649	698.96799669934
1	1899562	703.000373772649	699.62721012342
1	1899562	703.000373772649	700.34342626163
1	1899562	703.000373772649	699.51256939155
1	1899562	703.000373772649	699.82287568663
1	1899562	703.000373772649	698.5614413112
1	1899562	703.000373772649	700.01938298386
1	1899562	703.000373772649	699.09997279618
1	1899562	703.000373772649	699.46946426226
1	1899562	703.000373772649	698.55001053912
1	1925835	712.701294747693	709.31259387403
1	1925835	712.701294747693	710.02287609523
1	1925835	712.701294747693	709.20751850084
1	1925835	712.701294747693	709.45937094667
1	1925835	712.701294747693	709.14782737473
1	1925835	712.701294747693	709.70778593635
1	1925835	712.701294747693	708.73277032031
1	1925835	712.701294747693	708.62501874865
1	1925835	712.701294747693	708.98851584168
1	1925835	712.701294747693	708.18851216561
1	1956474	724.084900886005	721.32036973027
1	1956474	724.084900886005	719.5349119231
1	1956474	724.084900886005	720.81620521377
1	1956474	724.084900886005	720.47143201301
1	1956474	724.084900886005	720.96141258146
1	1956474	724.084900886005	720.02668466998
1	1956474	724.084900886005	719.9696155159
1	1956474	724.084900886005	720.32238042893
1	1956474	724.084900886005	720.54304751862
1	1956474	724.084900886005	721.31433021168
1	1981253	733.085202349392	729.52783553606
1	1981253	733.085202349392	729.77770314301
1	1981253	733.085202349392	729.43974683169
1	1981253	733.085202349392	729.95454636735
1	1981253	733.085202349392	729.01420856
1	1981253	733.085202349392	728.90991547925
1	1981253	733.085202349392	729.31626132135
1	1981253	733.085202349392	729.48809509754
1	1981253	733.085202349392	730.31239566134
1	1981253	733.085202349392	729.5245415273
1	2009823	743.628180358129	740.21349132784
1	2009823	743.628180358129	739.96141232264
1	2009823	743.628180358129	740.33288398822
1	2009823	743.628180358129	739.4936476403
1	2009823	743.628180358129	739.43883735021
1	2009823	743.628180358129	738.93558583392
1	2009823	743.628180358129	740.02632549071
1	2009823	743.628180358129	740.79537217004
1	2009823	743.628180358129	739.98235363552
1	2009823	743.628180358129	740.18798768365
1	2046580	757.211729056989	753.50123171345
1	2046580	757.211729056989	753.65484841753
1	2046580	757.211729056989	752.99589291743
1	2046580	757.211729056989	752.87993122328
1	2046580	757.211729056989	753.29892739289
1	2046580	757.211729056989	753.51421115233
1	2046580	757.211729056989	752.44581115163
1	2046580	757.211729056989	753.56319997681
1	2046580	757.211729056989	753.74436098355
1	2046580	757.211729056989	753.49700360118
1	2078867	769.032513653393	765.40254448647
1	2078867	769.032513653393	764.75667601379
1	2078867	769.032513653393	764.65558299201
1	2078867	769.032513653393	765.11802643919
1	2078867	769.032513653393	765.32865190457
1	2078867	769.032513653393	766.12873284887
1	2078867	769.032513653393	765.21067918433
1	2078867	769.032513653393	765.49326385955
1	2078867	769.032513653393	764.17057061667
1	2078867	769.032513653393	765.39947497396
1	2108014	779.577777285073	775.24417085598
1	2108014	779.577777285073	775.1921508847
1	2108014	779.577777285073	775.62852649329
1	2108014	779.577777285073	774.70198562776
1	2108014	779.577777285073	776.61992643112
1	2108014	779.577777285073	775.73222092578
1	2108014	779.577777285073	774.65942006354
1	2108014	779.577777285073	775.77991010966
1	2108014	779.577777285073	774.6493662407
1	2108014	779.577777285073	774.64606434487
1	2138791	791.143066417399	787.17532094362
1	2138791	791.143066417399	786.75988994318
1	2138791	791.143066417399	787.3755421079
1	2138791	791.143066417399	788.15421953016
1	2138791	791.143066417399	787.2659054574
1	2138791	791.143066417399	787.58291102295
1	2138791	791.143066417399	787.26852527078
1	2138791	791.143066417399	787.45002623793
1	2138791	791.143066417399	786.70808659057
1	2138791	791.143066417399	787.17026325326
1	2172345	803.425373475179	798.97796484142
1	2172345	803.425373475179	798.4295788178
1	2172345	803.425373475179	800.33052050632
1	2172345	803.425373475179	799.49995648769
1	2172345	803.425373475179	799.80920749609
1	2172345	803.425373475179	799.42516113043
1	2172345	803.425373475179	799.55174466937
1	2172345	803.425373475179	798.97949235211
1	2172345	803.425373475179	799.35864701672
1	2172345	803.425373475179	798.91839212762
1	2202899	814.609163993347	810.76546595615
1	2202899	814.609163993347	811.48533654152
1	2202899	814.609163993347	810.66636472924
1	2202899	814.609163993347	810.95265903996
1	2202899	814.609163993347	809.50721495647
1	2202899	814.609163993347	810.66019969832
1	2202899	814.609163993347	810.15379211431
1	2202899	814.609163993347	810.5129841518
1	2202899	814.609163993347	809.4957841844
1	2202899	814.609163993347	810.72706962888
1	2231516	825.211429050063	822.08732072692
1	2231516	825.211429050063	820.05842501177
1	2231516	825.211429050063	821.5512635905
1	2231516	825.211429050063	821.064992676
1	2231516	825.211429050063	821.22277137455
1	2231516	825.211429050063	820.70710675608
1	2231516	825.211429050063	821.05524770848
1	2231516	825.211429050063	820.6325597879
1	2231516	825.211429050063	821.2792320581
1	2231516	825.211429050063	822.06448457983
1	2259348	835.646178995589	831.59709530325
1	2259348	835.646178995589	831.97411549638
1	2259348	835.646178995589	831.46082078264
1	2259348	835.646178995589	831.59736758519
1	2259348	835.646178995589	831.13080561651
1	2259348	835.646178995589	831.47329969541
1	2259348	835.646178995589	831.06421331533
1	2259348	835.646178995589	831.70508572456
1	2259348	835.646178995589	832.46206917241
1	2259348	835.646178995589	831.59098422474
1	2289451	846.605452977531	842.90002527535
1	2289451	846.605452977531	842.39901510343
1	2289451	846.605452977531	842.55311474391
1	2289451	846.605452977531	842.06725666958
1	2289451	846.605452977531	841.89590351925
1	2289451	846.605452977531	842.38927013591
1	2289451	846.605452977531	842.66335711302
1	2289451	846.605452977531	843.4087394838
1	2289451	846.605452977531	842.52347309318
1	2289451	846.605452977531	842.87402467124
1	2317109	856.658704308899	852.41529519636
1	2317109	856.658704308899	852.60398586773
1	2317109	856.658704308899	852.08337075535
1	2317109	856.658704308899	851.85992772613
1	2317109	856.658704308899	852.14684257838
1	2317109	856.658704308899	852.67229188622
1	2317109	856.658704308899	853.45175833863
1	2317109	856.658704308899	852.54961911652
1	2317109	856.658704308899	852.78624538295
1	2317109	856.658704308899	852.40581140259
1	2342585	865.951883066952	861.89014751705
1	2342585	865.951883066952	861.26112062077
1	2342585	865.951883066952	861.12010557579
1	2342585	865.951883066952	861.3049084362
1	2342585	865.951883066952	861.94261611542
1	2342585	865.951883066952	862.73217496058
1	2342585	865.951883066952	861.81734620408
1	2342585	865.951883066952	862.01864100657
1	2342585	865.951883066952	861.68544369281
1	2342585	865.951883066952	861.85813539398
1	2383947	881.042824835429	876.31187375638
1	2383947	881.042824835429	875.56943602625
1	2383947	881.042824835429	876.360372081
1	2383947	881.042824835429	877.02590577023
1	2383947	881.042824835429	877.76311522902
1	2383947	881.042824835429	876.79405080241
1	2383947	881.042824835429	876.7273340172
1	2383947	881.042824835429	876.76956882958
1	2383947	881.042824835429	876.91168992954
1	2383947	881.042824835429	876.29744313443
1	2406103	889.173028090579	884.19182580628
1	2406103	889.173028090579	884.47708546045
1	2406103	889.173028090579	885.01045248361
1	2406103	889.173028090579	885.88590620941
1	2406103	889.173028090579	884.75438933086
1	2406103	889.173028090579	884.84382085163
1	2406103	889.173028090579	884.87614582033
1	2406103	889.173028090579	884.98189168466
1	2406103	889.173028090579	884.42226414436
1	2406103	889.173028090579	884.15542148785
1	2437607	900.707751963968	895.9652977095
1	2437607	900.707751963968	896.48517485696
1	2437607	900.707751963968	897.36804085752
1	2437607	900.707751963968	896.23922715431
1	2437607	900.707751963968	896.3322596457
1	2437607	900.707751963968	896.40566073146
1	2437607	900.707751963968	896.17334428263
1	2437607	900.707751963968	895.90236876293
1	2437607	900.707751963968	895.67007110591
1	2437607	900.707751963968	895.79639705663
1	2458800	908.286995016603	904.00441640956
1	2458800	908.286995016603	904.88301876709
1	2458800	908.286995016603	903.79602578684
1	2458800	908.286995016603	903.86253117454
1	2458800	908.286995016603	903.96055414243
1	2458800	908.286995016603	903.7366709942
1	2458800	908.286995016603	903.32602067837
1	2458800	908.286995016603	903.22479929565
1	2458800	908.286995016603	903.37005085489
1	2458800	908.286995016603	903.9621320554
1	2489518	919.495275223703	916.03657420291
1	2489518	919.495275223703	914.94092405378
1	2489518	919.495275223703	915.05978140539
1	2489518	919.495275223703	915.13318249116
1	2489518	919.495275223703	914.92617419871
1	2489518	919.495275223703	914.46846670705
1	2489518	919.495275223703	914.40576656899
1	2489518	919.495275223703	914.50663974168
1	2489518	919.495275223703	915.14559138136
1	2489518	919.495275223703	916.03189548377
1	2523731	932.088536483846	926.27251587014
1	2523731	932.088536483846	927.53040597804
1	2523731	932.088536483846	927.68015894561
1	2523731	932.088536483846	927.51678089381
1	2523731	932.088536483846	927.01810150608
1	2523731	932.088536483846	926.94664335547
1	2523731	932.088536483846	927.02686620593
1	2523731	932.088536483846	927.69867812234
1	2523731	932.088536483846	928.56946255876
1	2523731	932.088536483846	927.45300922171
1	2551743	942.781368299537	938.21237322084
1	2551743	942.781368299537	936.89639968717
1	2551743	942.781368299537	938.14009009422
1	2551743	942.781368299537	937.66446555632
1	2551743	942.781368299537	937.62576958004
1	2551743	942.781368299537	936.88274362456
1	2551743	942.781368299537	938.37168295715
1	2551743	942.781368299537	939.25798705956
1	2551743	942.781368299537	938.08028673767
1	2551743	942.781368299537	938.1808978384
1	2575257	951.70546240707	947.27646838082
1	2575257	951.70546240707	947.03740391705
1	2575257	951.70546240707	946.57003835301
1	2575257	951.70546240707	946.50007479662
1	2575257	951.70546240707	946.53197341461
1	2575257	951.70546240707	947.25396958712
1	2575257	951.70546240707	948.17829994423
1	2575257	951.70546240707	946.97953989255
1	2575257	951.70546240707	946.99797925898
1	2575257	951.70546240707	945.70049079462
1	2610145	964.607403027279	959.93366618412
1	2610145	964.607403027279	959.45504440873
1	2610145	964.607403027279	959.36708853538
1	2610145	964.607403027279	959.40075721221
1	2610145	964.607403027279	960.14703709791
1	2610145	964.607403027279	961.05150563128
1	2610145	964.607403027279	959.82741566016
1	2610145	964.607403027279	959.82092740711
1	2610145	964.607403027279	960.07726596342
1	2610145	964.607403027279	959.90460116183
1	2646462	977.904037256529	972.72713301327
1	2646462	977.904037256529	972.6426681112
1	2646462	977.904037256529	971.82540808144
1	2646462	977.904037256529	973.43435041411
1	2646462	977.904037256529	974.32065451652
1	2646462	977.904037256529	971.78800914263
1	2646462	977.904037256529	973.03360386822
1	2646462	977.904037256529	973.27174232604
1	2646462	977.904037256529	973.02847359993
1	2646462	977.904037256529	972.69167713794
1	2676314	988.638003792501	982.50159840791
1	2676314	988.638003792501	983.3378347391
1	2676314	988.638003792501	984.12650947252
1	2676314	988.638003792501	985.05083982962
1	2676314	988.638003792501	983.82039218659
1	2676314	988.638003792501	983.74329557487
1	2676314	988.638003792501	983.98355797538
1	2676314	988.638003792501	983.74880871143
1	2676314	988.638003792501	983.18157469023
1	2676314	988.638003792501	983.26836735448

